- knownPoints:
    locInFile: [529024, 530672, 532320, 533968, 535616, 537264, 538912, 682288, 683936,
      685584, 687232, 688880, 529024, 530672, 532320, 533968, 535616, 537264, 538912,
      682288, 683936, 685584, 687232, 688880]
    filename: [\\labnas1\Share\David\Extracted\Spatial\N2\18-23GradientC15\OutputFiles\20090226_N2g15_1823_tracks.bin]
  isSharpTurn: [true]
  operation: ['@(x)x.^2', '@(x)abs(x)', '@(x)x', '@(x)abs(x)', '@(x)abs(x)']
  datafields: [covRatio, deltatheta, speed, lrdtheta, ddtheta]
  name: [omega turns]
  priorProbability: [1.0]
  clustCov: [8.87751, -1.5785704, 0.7859714, -0.16192661, -1.5248798, -1.5785704,
    1.2643216, -0.4570208, 0.093995444, 0.86340886, 0.7859714, -0.4570208, 0.2536881,
    -0.03842404, -0.40017515, -0.16192661, 0.093995444, -0.03842404, 0.013416862,
    0.08004032, -1.5248798, 0.86340886, -0.40017515, 0.08004032, 1.7048386]
  typeCode: [-1.0]
  clustMean: [5.778796, 0.91662955, 0.7835069, 0.087831445, 0.9590821]
- knownPoints:
    locInFile: [402128, 403776, 405424, 407072, 408720, 410368, 412016, 413664, 415312,
      512544, 514192, 515840, 517488, 519136, 665808, 667456, 669104, 670752, 402128,
      403776, 405424, 407072, 408720, 410368, 412016, 413664, 415312, 512544, 514192,
      515840, 517488, 519136, 665808, 667456, 669104, 670752, 402128, 403776, 405424,
      407072, 408720, 410368, 412016, 413664, 415312, 512544, 514192, 515840, 517488,
      519136, 665808, 667456, 669104, 670752]
    filename: [\\labnas1\Share\David\Extracted\Spatial\N2\18-23GradientC15\OutputFiles\20090226_N2g15_1823_tracks.bin]
  isSharpTurn: [true]
  operation: ['@(x)x.^2', '@(x)abs(x)', '@(x)x', '@(x)abs(x)', '@(x)abs(x)']
  datafields: [covRatio, deltatheta, speed, lrdtheta, ddtheta]
  name: [reversals]
  priorProbability: [1.0]
  clustCov: [9.624704, -0.19475687, 0.27953056, -0.044010386, -0.05276391, -0.19475687,
    1.7058715, -0.4513319, 0.09002474, 0.40757608, 0.27953056, -0.4513319, 0.19533293,
    -0.031915493, -0.21366581, -0.044010386, 0.09002474, -0.031915493, 0.010937489,
    0.08684256, -0.05276391, 0.40757608, -0.21366581, 0.08684256, 2.2965248]
  typeCode: [1.0]
  clustMean: [6.1295314, 2.0483086, 0.5052781, 0.19673486, 2.280431]
- knownPoints:
    locInFile: [1339840, 1341488, 1343136, 1344784, 1346432, 1348080]
    filename: [\\labnas1\Share\David\Extracted\Spatial\N2\18-23GradientC15\OutputFiles\20090226_N2g15_1823_tracks.bin]
  isSharpTurn: [true]
  operation: ['@(x)x.^2', '@(x)abs(x)', '@(x)x', '@(x)abs(x)', '@(x)abs(x)']
  datafields: [covRatio, deltatheta, speed, lrdtheta, ddtheta]
  name: [blips]
  priorProbability: [1.0]
  clustCov: [7.845711, -0.035905402, 0.07124729, -0.05601723, 0.21136758, -0.035905402,
    1.785523, -0.47377488, 0.16598612, 1.2048455, 0.07124729, -0.47377488, 0.19851305,
    -0.04471213, -0.44347957, -0.05601723, 0.16598612, -0.04471213, 0.026050452, 0.12235464,
    0.21136758, 1.2048455, -0.44347957, 0.12235464, 2.5413485]
  typeCode: [0.0]
  clustMean: [6.55967, 0.9586532, 0.7018271, 0.10236469, 1.0166956]
- knownPoints:
    locInFile: [347744, 349392, 351040, 352688]
    filename: [\\labnas1\Share\David\Extracted\Spatial\N2\18-23GradientC15\OutputFiles\20090226_N2g15_1823_tracks.bin]
  isSharpTurn: [true]
  operation: ['@(x)x.^2', '@(x)abs(x)', '@(x)x', '@(x)abs(x)', '@(x)abs(x)']
  datafields: [covRatio, deltatheta, speed, lrdtheta, ddtheta]
  name: [sudden turns]
  priorProbability: [1.0]
  clustCov: [10.128192, -0.2408833, 0.17264828, -0.0075424775, 0.5126923, -0.2408833,
    0.64202416, -0.18815915, 0.01832212, 0.18444869, 0.17264828, -0.18815915, 0.2710618,
    -0.007969424, -0.12014419, -0.0075424775, 0.01832212, -0.007969424, 0.0024606255,
    0.015223905, 0.5126923, 0.18444869, -0.12014419, 0.015223905, 1.4396363]
  typeCode: [-2.0]
  clustMean: [5.6830153, 0.5503367, 0.82789457, 0.22606285, 1.8395705]
- knownPoints:
    locInFile: [359280, 360928, 362576, 364224, 365872, 367520, 369168, 370816, 372464,
      374112, 375760, 377408, 379056, 380704, 382352, 384000, 385648, 387296, 388944,
      390592, 392240, 726784, 728432, 730080, 731728, 733376, 735024, 736672, 738320,
      739968, 741616, 743264, 744912, 746560, 748208, 749856, 751504, 753152, 754800,
      756448, 758096, 759744, 761392, 763040, 359280, 360928, 362576, 364224, 365872,
      367520, 369168, 370816, 372464, 374112, 375760, 377408, 379056, 380704, 382352,
      384000, 385648, 387296, 388944, 390592, 392240, 726784, 728432, 730080, 731728,
      733376, 735024, 736672, 738320, 739968, 741616, 743264, 744912, 746560, 748208,
      749856, 751504, 753152, 754800, 756448, 758096, 759744, 761392, 763040]
    filename: [\\labnas1\Share\David\Extracted\Spatial\N2\18-23GradientC15\OutputFiles\20090226_N2g15_1823_tracks.bin]
  isSharpTurn: [false]
  operation: ['@(x)x.^2', '@(x)abs(x)', '@(x)x', '@(x)abs(x)', '@(x)abs(x)']
  datafields: [covRatio, deltatheta, speed, lrdtheta, ddtheta]
  name: [runs]
  priorProbability: [1.0]
  clustCov: [6.825235, -0.07061489, 0.19334155, -0.01499896, -0.08025472, -0.07061489,
    0.014406991, -0.014533615, 0.0012909175, 0.009055495, 0.19334155, -0.014533615,
    0.18979889, -0.001248609, -0.023390511, -0.01499896, 0.0012909175, -0.001248609,
    5.018824E-4, 0.0016329939, -0.08025472, 0.009055495, -0.023390511, 0.0016329939,
    0.040542427]
  typeCode: [0.0]
  clustMean: [6.838467, 0.103804685, 1.221428, 0.019001866, 0.12894304]
