experimentNames: [\\labnas1\Share\David\Extracted\Spatial\N2\18-23GradientC15\OutputFiles\20090226_N2g15_1823_tracks.bin,
  \\labnas1\Share\David\Extracted\Spatial\N2\18-23GradientC15\OutputFiles\20090226_w1a_N2g15_1823_tracks.bin,
  \\labnas1\Share\David\Extracted\Spatial\N2\18-23GradientC15\OutputFiles\20090226_w2a_N2g15_1823_tracks.bin,
  \\labnas1\Share\David\Extracted\Spatial\N2\18-23GradientC15\OutputFiles\20090226_w3a_N2g15_1823_tracks.bin,
  \\labnas1\Share\David\Extracted\Spatial\N2\18-23GradientC15\OutputFiles\20090227_N2g15_1823_tracks.bin]
segmentationClusters:
- knownPoints:
    locInFile: [529024, 530672, 532320, 533968, 535616, 537264, 538912, 682288, 683936,
      685584, 687232, 688880, 1732064, 1733712, 1735360, 1737008, 1738656, 1740304,
      1741952, 3342160, 3343808, 3345456, 3347104, 3348752, 3350400, 529024, 530672,
      532320, 533968, 535616, 537264, 538912, 682288, 683936, 685584, 687232, 688880,
      1732064, 1733712, 1735360, 1737008, 1738656, 1740304, 1741952, 3342160, 3343808,
      3345456, 3347104, 3348752, 3350400, 529024, 530672, 532320, 533968, 535616,
      537264, 538912, 682288, 683936, 685584, 687232, 688880, 1732064, 1733712, 1735360,
      1737008, 1738656, 1740304, 1741952, 3342160, 3343808, 3345456, 3347104, 3348752,
      3350400]
    filename: [\\labnas1\Share\David\Extracted\Spatial\N2\18-23GradientC15\OutputFiles\20090226_N2g15_1823_tracks.bin]
  isSharpTurn: [true]
  operation: ['@(x)x.^2', '@(x)abs(x)', '@(x)x', '@(x)abs(x)', '@(x)abs(x)']
  datafields: [covRatio, deltatheta, speed, lrdtheta, ddtheta]
  name: [omega turns]
  priorProbability: [1.0]
  clustCov: [8.87751, -1.5785704, 0.7859714, -0.16192661, -1.5248798, -1.5785704,
    1.2643216, -0.4570208, 0.093995444, 0.86340886, 0.7859714, -0.4570208, 0.2536881,
    -0.03842404, -0.40017515, -0.16192661, 0.093995444, -0.03842404, 0.013416862,
    0.08004032, -1.5248798, 0.86340886, -0.40017515, 0.08004032, 1.7048386]
  typeCode: [-1.0]
  clustMean: [5.778796, 0.91662955, 0.7835069, 0.087831445, 0.9590821]
- knownPoints:
    locInFile: [402128, 403776, 405424, 407072, 408720, 410368, 412016, 413664, 415312,
      512544, 514192, 515840, 517488, 519136, 665808, 667456, 669104, 670752, 1704048,
      1705696, 1707344, 1708992, 1710640, 1712288, 1713936, 402128, 403776, 405424,
      407072, 408720, 410368, 412016, 413664, 415312, 512544, 514192, 515840, 517488,
      519136, 665808, 667456, 669104, 670752, 1704048, 1705696, 1707344, 1708992,
      1710640, 1712288, 1713936]
    filename: [\\labnas1\Share\David\Extracted\Spatial\N2\18-23GradientC15\OutputFiles\20090226_N2g15_1823_tracks.bin]
  isSharpTurn: [true]
  operation: ['@(x)x.^2', '@(x)abs(x)', '@(x)x', '@(x)abs(x)', '@(x)abs(x)']
  datafields: [covRatio, deltatheta, speed, lrdtheta, ddtheta]
  name: [reversals]
  priorProbability: [1.0]
  clustCov: [9.624704, -0.19475687, 0.27953056, -0.044010386, -0.05276391, -0.19475687,
    1.7058715, -0.4513319, 0.09002474, 0.40757608, 0.27953056, -0.4513319, 0.19533293,
    -0.031915493, -0.21366581, -0.044010386, 0.09002474, -0.031915493, 0.010937489,
    0.08684256, -0.05276391, 0.40757608, -0.21366581, 0.08684256, 2.2965248]
  typeCode: [1.0]
  clustMean: [6.1295314, 2.0483086, 0.5052781, 0.19673486, 2.280431]
- knownPoints:
    locInFile: [1339840, 1341488, 1343136, 1344784, 1346432, 1348080]
    filename: [\\labnas1\Share\David\Extracted\Spatial\N2\18-23GradientC15\OutputFiles\20090226_N2g15_1823_tracks.bin]
  isSharpTurn: [true]
  operation: ['@(x)x.^2', '@(x)abs(x)', '@(x)x', '@(x)abs(x)', '@(x)abs(x)']
  datafields: [covRatio, deltatheta, speed, lrdtheta, ddtheta]
  name: [blips]
  priorProbability: [1.0]
  clustCov: [7.845711, -0.035905402, 0.07124729, -0.05601723, 0.21136758, -0.035905402,
    1.785523, -0.47377488, 0.16598612, 1.2048455, 0.07124729, -0.47377488, 0.19851305,
    -0.04471213, -0.44347957, -0.05601723, 0.16598612, -0.04471213, 0.026050452, 0.12235464,
    0.21136758, 1.2048455, -0.44347957, 0.12235464, 2.5413485]
  typeCode: [0.0]
  clustMean: [6.55967, 0.9586532, 0.7018271, 0.10236469, 1.0166956]
- knownPoints:
    locInFile: [347744, 349392, 351040, 352688, 2844464, 2846112, 2847760, 2849408,
      2851056, 2852704, 2854352, 2856000, 2938400, 2940048, 2941696, 2943344, 2944992,
      2946640, 2948288, 3027392, 3029040, 3030688, 3032336, 3033984, 3035632, 3047168,
      3048816, 3050464, 3052112, 3053760, 347744, 349392, 351040, 352688, 2844464,
      2846112, 2847760, 2849408, 2851056, 2852704, 2854352, 2856000, 2938400, 2940048,
      2941696, 2943344, 2944992, 2946640, 2948288, 3027392, 3029040, 3030688, 3032336,
      3033984, 3035632, 3047168, 3048816, 3050464, 3052112, 3053760, 347744, 349392,
      351040, 352688, 2844464, 2846112, 2847760, 2849408, 2851056, 2852704, 2854352,
      2856000, 2938400, 2940048, 2941696, 2943344, 2944992, 2946640, 2948288, 3027392,
      3029040, 3030688, 3032336, 3033984, 3035632, 3047168, 3048816, 3050464, 3052112,
      3053760, 347744, 349392, 351040, 352688, 2844464, 2846112, 2847760, 2849408,
      2851056, 2852704, 2854352, 2856000, 2938400, 2940048, 2941696, 2943344, 2944992,
      2946640, 2948288, 3027392, 3029040, 3030688, 3032336, 3033984, 3035632, 3047168,
      3048816, 3050464, 3052112, 3053760, 347744, 349392, 351040, 352688, 2844464,
      2846112, 2847760, 2849408, 2851056, 2852704, 2854352, 2856000, 2938400, 2940048,
      2941696, 2943344, 2944992, 2946640, 2948288, 3027392, 3029040, 3030688, 3032336,
      3033984, 3035632, 3047168, 3048816, 3050464, 3052112, 3053760]
    filename: [\\labnas1\Share\David\Extracted\Spatial\N2\18-23GradientC15\OutputFiles\20090226_N2g15_1823_tracks.bin]
  isSharpTurn: [true]
  operation: ['@(x)x.^2', '@(x)abs(x)', '@(x)x', '@(x)abs(x)', '@(x)abs(x)']
  datafields: [covRatio, deltatheta, speed, lrdtheta, ddtheta]
  name: [sudden turns]
  priorProbability: [1.0]
  clustCov: [10.128192, -0.2408833, 0.17264828, -0.0075424775, 0.5126923, -0.2408833,
    0.64202416, -0.18815915, 0.01832212, 0.18444869, 0.17264828, -0.18815915, 0.2710618,
    -0.007969424, -0.12014419, -0.0075424775, 0.01832212, -0.007969424, 0.0024606255,
    0.015223905, 0.5126923, 0.18444869, -0.12014419, 0.015223905, 1.4396363]
  typeCode: [-2.0]
  clustMean: [5.6830153, 0.5503367, 0.82789457, 0.22606285, 1.8395705]
- knownPoints:
    locInFile: [359280, 360928, 362576, 364224, 365872, 367520, 369168, 370816, 372464,
      374112, 375760, 377408, 379056, 380704, 382352, 384000, 385648, 387296, 388944,
      390592, 392240, 726784, 728432, 730080, 731728, 733376, 735024, 736672, 738320,
      739968, 741616, 743264, 744912, 746560, 748208, 749856, 751504, 753152, 754800,
      756448, 758096, 759744, 761392, 763040, 2608800, 2610448, 2612096, 2613744,
      2615392, 2617040, 2618688, 2620336, 2621984, 2623632, 2625280, 2626928, 2628576,
      2630224, 2631872, 2633520, 2635168, 2636816, 2638464, 2640112, 2641760, 2643408,
      2645056, 2646704, 2648352, 2650000, 2651648, 2653296, 2654944, 2656592, 2658240,
      2892256, 2893904, 2895552, 2897200, 2898848, 2900496, 2902144, 2903792, 2905440,
      2907088, 2908736, 2910384, 2912032, 2913680, 2915328, 2916976, 2918624, 2920272,
      2921920, 2923568, 2925216, 2926864, 2928512, 2930160, 2931808, 2933456, 3068592,
      3070240, 3071888, 3073536, 3075184, 3076832, 3078480, 3080128, 3081776, 3083424,
      3085072, 3086720, 3088368, 3090016, 3091664, 3093312, 3094960, 3096608, 3098256,
      3099904, 3101552, 3103200, 3104848, 3106496, 3108144, 3109792, 3111440, 3113088,
      3114736, 3116384, 3118032, 3119680, 3121328, 3122976, 3124624, 3126272, 3127920,
      3129568, 3131216, 3132864, 3134512, 3136160, 3137808, 3139456, 3141104, 3142752,
      3144400, 3146048, 3147696, 3149344, 3150992, 3152640, 3154288, 3155936, 3157584,
      3159232, 3160880, 3162528, 3164176, 3165824, 3167472, 3169120, 3170768, 3172416,
      3174064, 3175712, 3177360, 3179008, 3180656, 3182304, 3183952, 3185600, 3187248,
      3188896, 3190544, 3192192, 3193840, 3195488, 3197136, 3198784, 3200432, 3202080,
      3203728, 3205376, 3207024, 3208672, 3210320, 3211968, 3213616, 3215264, 3216912,
      3218560, 3220208, 3221856, 3223504, 3225152, 3226800, 3228448, 3230096, 359280,
      360928, 362576, 364224, 365872, 367520, 369168, 370816, 372464, 374112, 375760,
      377408, 379056, 380704, 382352, 384000, 385648, 387296, 388944, 390592, 392240,
      726784, 728432, 730080, 731728, 733376, 735024, 736672, 738320, 739968, 741616,
      743264, 744912, 746560, 748208, 749856, 751504, 753152, 754800, 756448, 758096,
      759744, 761392, 763040, 2608800, 2610448, 2612096, 2613744, 2615392, 2617040,
      2618688, 2620336, 2621984, 2623632, 2625280, 2626928, 2628576, 2630224, 2631872,
      2633520, 2635168, 2636816, 2638464, 2640112, 2641760, 2643408, 2645056, 2646704,
      2648352, 2650000, 2651648, 2653296, 2654944, 2656592, 2658240, 2892256, 2893904,
      2895552, 2897200, 2898848, 2900496, 2902144, 2903792, 2905440, 2907088, 2908736,
      2910384, 2912032, 2913680, 2915328, 2916976, 2918624, 2920272, 2921920, 2923568,
      2925216, 2926864, 2928512, 2930160, 2931808, 2933456, 3068592, 3070240, 3071888,
      3073536, 3075184, 3076832, 3078480, 3080128, 3081776, 3083424, 3085072, 3086720,
      3088368, 3090016, 3091664, 3093312, 3094960, 3096608, 3098256, 3099904, 3101552,
      3103200, 3104848, 3106496, 3108144, 3109792, 3111440, 3113088, 3114736, 3116384,
      3118032, 3119680, 3121328, 3122976, 3124624, 3126272, 3127920, 3129568, 3131216,
      3132864, 3134512, 3136160, 3137808, 3139456, 3141104, 3142752, 3144400, 3146048,
      3147696, 3149344, 3150992, 3152640, 3154288, 3155936, 3157584, 3159232, 3160880,
      3162528, 3164176, 3165824, 3167472, 3169120, 3170768, 3172416, 3174064, 3175712,
      3177360, 3179008, 3180656, 3182304, 3183952, 3185600, 3187248, 3188896, 3190544,
      3192192, 3193840, 3195488, 3197136, 3198784, 3200432, 3202080, 3203728, 3205376,
      3207024, 3208672, 3210320, 3211968, 3213616, 3215264, 3216912, 3218560, 3220208,
      3221856, 3223504, 3225152, 3226800, 3228448, 3230096, 359280, 360928, 362576,
      364224, 365872, 367520, 369168, 370816, 372464, 374112, 375760, 377408, 379056,
      380704, 382352, 384000, 385648, 387296, 388944, 390592, 392240, 726784, 728432,
      730080, 731728, 733376, 735024, 736672, 738320, 739968, 741616, 743264, 744912,
      746560, 748208, 749856, 751504, 753152, 754800, 756448, 758096, 759744, 761392,
      763040, 2608800, 2610448, 2612096, 2613744, 2615392, 2617040, 2618688, 2620336,
      2621984, 2623632, 2625280, 2626928, 2628576, 2630224, 2631872, 2633520, 2635168,
      2636816, 2638464, 2640112, 2641760, 2643408, 2645056, 2646704, 2648352, 2650000,
      2651648, 2653296, 2654944, 2656592, 2658240, 2892256, 2893904, 2895552, 2897200,
      2898848, 2900496, 2902144, 2903792, 2905440, 2907088, 2908736, 2910384, 2912032,
      2913680, 2915328, 2916976, 2918624, 2920272, 2921920, 2923568, 2925216, 2926864,
      2928512, 2930160, 2931808, 2933456, 3068592, 3070240, 3071888, 3073536, 3075184,
      3076832, 3078480, 3080128, 3081776, 3083424, 3085072, 3086720, 3088368, 3090016,
      3091664, 3093312, 3094960, 3096608, 3098256, 3099904, 3101552, 3103200, 3104848,
      3106496, 3108144, 3109792, 3111440, 3113088, 3114736, 3116384, 3118032, 3119680,
      3121328, 3122976, 3124624, 3126272, 3127920, 3129568, 3131216, 3132864, 3134512,
      3136160, 3137808, 3139456, 3141104, 3142752, 3144400, 3146048, 3147696, 3149344,
      3150992, 3152640, 3154288, 3155936, 3157584, 3159232, 3160880, 3162528, 3164176,
      3165824, 3167472, 3169120, 3170768, 3172416, 3174064, 3175712, 3177360, 3179008,
      3180656, 3182304, 3183952, 3185600, 3187248, 3188896, 3190544, 3192192, 3193840,
      3195488, 3197136, 3198784, 3200432, 3202080, 3203728, 3205376, 3207024, 3208672,
      3210320, 3211968, 3213616, 3215264, 3216912, 3218560, 3220208, 3221856, 3223504,
      3225152, 3226800, 3228448, 3230096, 359280, 360928, 362576, 364224, 365872,
      367520, 369168, 370816, 372464, 374112, 375760, 377408, 379056, 380704, 382352,
      384000, 385648, 387296, 388944, 390592, 392240, 726784, 728432, 730080, 731728,
      733376, 735024, 736672, 738320, 739968, 741616, 743264, 744912, 746560, 748208,
      749856, 751504, 753152, 754800, 756448, 758096, 759744, 761392, 763040, 2608800,
      2610448, 2612096, 2613744, 2615392, 2617040, 2618688, 2620336, 2621984, 2623632,
      2625280, 2626928, 2628576, 2630224, 2631872, 2633520, 2635168, 2636816, 2638464,
      2640112, 2641760, 2643408, 2645056, 2646704, 2648352, 2650000, 2651648, 2653296,
      2654944, 2656592, 2658240, 2892256, 2893904, 2895552, 2897200, 2898848, 2900496,
      2902144, 2903792, 2905440, 2907088, 2908736, 2910384, 2912032, 2913680, 2915328,
      2916976, 2918624, 2920272, 2921920, 2923568, 2925216, 2926864, 2928512, 2930160,
      2931808, 2933456, 3068592, 3070240, 3071888, 3073536, 3075184, 3076832, 3078480,
      3080128, 3081776, 3083424, 3085072, 3086720, 3088368, 3090016, 3091664, 3093312,
      3094960, 3096608, 3098256, 3099904, 3101552, 3103200, 3104848, 3106496, 3108144,
      3109792, 3111440, 3113088, 3114736, 3116384, 3118032, 3119680, 3121328, 3122976,
      3124624, 3126272, 3127920, 3129568, 3131216, 3132864, 3134512, 3136160, 3137808,
      3139456, 3141104, 3142752, 3144400, 3146048, 3147696, 3149344, 3150992, 3152640,
      3154288, 3155936, 3157584, 3159232, 3160880, 3162528, 3164176, 3165824, 3167472,
      3169120, 3170768, 3172416, 3174064, 3175712, 3177360, 3179008, 3180656, 3182304,
      3183952, 3185600, 3187248, 3188896, 3190544, 3192192, 3193840, 3195488, 3197136,
      3198784, 3200432, 3202080, 3203728, 3205376, 3207024, 3208672, 3210320, 3211968,
      3213616, 3215264, 3216912, 3218560, 3220208, 3221856, 3223504, 3225152, 3226800,
      3228448, 3230096]
    filename: [\\labnas1\Share\David\Extracted\Spatial\N2\18-23GradientC15\OutputFiles\20090226_N2g15_1823_tracks.bin]
  isSharpTurn: [false]
  operation: ['@(x)x.^2', '@(x)abs(x)', '@(x)x', '@(x)abs(x)', '@(x)abs(x)']
  datafields: [covRatio, deltatheta, speed, lrdtheta, ddtheta]
  name: [runs]
  priorProbability: [1.0]
  clustCov: [6.825235, -0.07061489, 0.19334155, -0.01499896, -0.08025472, -0.07061489,
    0.014406991, -0.014533615, 0.0012909175, 0.009055495, 0.19334155, -0.014533615,
    0.18979889, -0.001248609, -0.023390511, -0.01499896, 0.0012909175, -0.001248609,
    5.018824E-4, 0.0016329939, -0.08025472, 0.009055495, -0.023390511, 0.0016329939,
    0.040542427]
  typeCode: [0.0]
  clustMean: [6.838467, 0.103804685, 1.221428, 0.019001866, 0.12894304]
weightOnKnown: [0.7]
derivationRules:
  interpTime: [0.25]
  smoothTime: [0.5]
  derivTime: [0.25]
